5155
5314
5728
5897
5400
5241
5492
5497
5505
5020
5916
5296
5178
5624
5840
5725
5312
5383
5114
5897
5540
5607
5637
5285
5394
5491
5158
5114
5199
5653
5063
5548
5480
5441
5418
5193
5543
5361
5558
5934
5622
5671
5420
5888
5016
5211
5325
5716
5076
5520
5574
5183
5826
5937
5058
5464
5894
5198
5578
5503
5066
5755
5827
5017
5356
5116
5950
5957
5020
5313
5665
6000
5017
5319
5464
5898
5079
5516
5773
5761
5707
5593
5780
5597
5092
5312
5537
5539
5275
5284
5361
5892
5043
5850
5853
5148
5256
5859
5368
5522
5901
5787
5641
5196
5333
5313
5037
5851
5477
5443
5326
5030
5364
5702
5517
5847
5534
5273
5011
5708
5657
5249
5359
5551
5849
5540
5585
5039
4311
5542
5089
5484
5508
5194
5493
5186
5604
5075
5858
8827
5820
5239
5698
5108
5587
5815
5012
5155
5383
5619
5753
5831
5844
5601
5308
5826
5910
5028
5775
5415
5248
5092
5957
5251
5565
5412
5428
5006
5698
5180
5992
5972
5772
4757
5901
5304
5771
5758
5340
5341
5017
5060
5258
5897
5739
5740
5220
5266
5056
5537
5352
5391
5967
5576
5947
5188
5672
5975
5450
5271
5110
5960
5473
5797
5473
5978
5587
5041
5171
5005
5129
5335
5633
5809
5578
5811
5868
5631
4993
5444
5773
5676
5989
5835
5085
5492
5314
5107
5823
3929
5517
5739
5835
5131
5797
5281
5478
5148
5316
5486
5901
5059
5158
5834
5044
5991
5625
5554
5413
5071
5978
5711
5695
5813
5058
5286
5606
5956
5370
5989
5251
5210
5507
4363
5262
5705
5556
5604
5294
5582
5882
5159
5705
5611
6023
5832
5805
5343
5034
5676
5375
5371
5475
5067
5812
5455
5192
5410
5234
5991
5234
5744
5114
5253
5351
5375
5812
5382
5627
5665
5295
5178
5656
5052
5864
5595
5533
5573
4761
5879
5317
5122
5129
5436
5931
5849
5476
5459
5242
7653
5913
5007
5970
5175
5136
5975
5723
5579
5687
5067
5499
5021
5616
5288
5200
5967
5622
5437
5173
5350
5150
5203
5078
5221
5915
5748
5343
5770
5751
5103
5990
5296
5619
4055
5588
5881
5791
5934
5096
5505
5345
5529
5037
5065
7341
5642
5976
5413
5642
5798
5303
5134
5259
5494
5988
5071
5029
5314
5624
5975
5575
5178
5204
5792
5555
5316
5654
5508
5703
5314
5121
5078
5411
5195
5466
5693
5148
5900
4148
5418
5860
5931
5475
5721
5310
5275
5344
5522
5813
7705
5297
5656
5379
5889
5581
5227
5129
5863
5838
5951
5956
5577
5084
5959
5565
5473
5658
5638
5004
5556
5236
5905
5036
5512
5318
5291
5820
5656
5533
5659
5611
5108
5541
4957
5841
5883
5712
5419
5910
5265
5279
5608
5204
5087
4674
5342
5558
5599
5877
5142
5519
5847
5740
5756
5080
5634
5628
5914
5348
5224
5707
5088
5784
5069
5700
5814
5318
5643
5173
5298
5846
5713
5138
5317
5663
5342
5252
5823
4150
5482
5622
5184
5595
5900
5611
5520
5644
5585
5762
6197
